   -1
    0
    0
   -4
    5
   -2
  -12
   32
  -48
   44
  260
 -389
 -950
 -195
  347
 -304
 -856
 -449
  186
  335
  190
  261
  735
  737
 -315
 -906
  -18
  697
    5
 -802
 -545
  154
  429
  254
  133
  312
  116
 -873
-1265
 -153
  652
  -27
 -766
 -537
  207
  797
  708
  -54
 -583
 -135
  437
  -58
 -809
 -460
  404
  439
 -186
 -311
  112
  118
 -401
 -414
  215
  276
 -310
 -419
  102
  458
  293
   72
  180
  423
  254
 -371
 -319
  554
  632
 -250
 -539
   20
  416
  336
  235
  482
  861
  483
 -627
 -808
  136
  115
-1098
-1317
 -190
  721
  860
  401
 -253
 -186
  531
  558
 -356
 -895
 -318
  341
  -16
 -397
  239
  668
 -179
 -913
  -66
  951
  335
 -809
 -860
 -166
  212
   79
  157
  658
  796
   81
 -723
 -325
  738
  610
 -611
-1153
 -381
  601
  700
  244
  188
  454
  -11
-1066
 -923
  359
  433
 -811
-1272
 -432
  703
 1208
  657
 -324
 -371
  582
  818
 -262
 -921
  -84
  743
  183
 -520
   60
  796
  147
 -875
 -513
  505
  331
 -706
 -899
 -106
  503
  361
  -56
   62
  683
  655
 -349
 -834
 -104
  370
 -364
-1106
 -635
  419
  685
   24
 -231
  442
  535
 -501
 -812
  155
  419
 -551
 -969
 -279
  494
  839
  492
 -492
 -731
  440
 1155
   47
-1214
 -634
  752
  692
 -295
 -193
  427
 -137
 -963
 -397
  613
  365
 -642
 -994
 -412
  509
  941
  690
  438
  500
  340
 -260
 -306
  471
  478
 -623
-1141
 -389
  740
 1163
  623
   66
  206
  195
 -386
 -204
  563
  143
 -881
 -833
  -23
  615
  925
  577
 -322
 -461
  486
  908
  -83
-1008
 -491
  284
  -55
 -442
  144
  427
 -474
-1094
 -308
  599
   96
-1051
-1121
 -122
  663
  705
  459
  452
  703
  537
 -271
 -567
  137
  390
 -476
-1015
 -337
  644
  854
  347
   39
  187
  -89
 -695
 -408
  260
 -195
-1010
 -665
  276
  831
  898
  266
 -627
 -462
  603
  712
 -552
-1281
 -275
  983
  688
 -181
  201
  718
 -268
-1205
 -459
  530
  139
 -923
-1137
 -206
  902
 1265
  786
  167
  275
  608
  177
 -286
   66
  294
 -455
-1016
 -153
 1050
  993
   46
 -336
   73
  118
 -389
 -405
  -67
 -385
 -983
 -803
    1
  725
 1020
  556
 -267
 -155
  964
 1295
   48
-1090
 -607
  571
  578
 -178
   74
  625
  -60
 -770
  -94
  760
  356
 -703
-1034
 -272
  807
 1268
  883
  247
  177
  446
   26
 -639
 -305
  210
 -446
-1212
 -603
  646
  860
  -47
 -437
  273
  531
 -354
 -798
 -183
    2
 -599
 -754
 -257
  269
  766
  828
   73
 -286
  497
  903
 -116
-1193
 -704
  578
  594
 -380
 -234
  639
  121
-1073
 -781
  308
  156
-1003
-1436
 -515
  908
 1562
  950
  -93
 -204
  604
  610
 -615
-1081
 -212
  -59
 -986
 -911
  479
 1159
  442
 -157
  359
 1072
  719
 -267
 -530
 -209
 -263
 -408
 -242
   80
  773
 1185
  321
 -547
  187
 1175
  409
-1121
-1134
  345
 1220
  474
 -244
  372
  655
 -436
 -940
  -12
  468
 -377
-1256
-1030
  171
 1283
 1202
  244
  -71
  574
  765
 -142
 -782
 -216
  221
 -536
-1039
  -60
 1002
  718
  -88
 -101
  449
  413
 -410
 -886
 -496
 -117
 -135
 -189
 -127
  398
 1136
  711
 -542
 -466
  714
  663
 -766
-1383
 -291
  714
  188
 -561
    0
  806
   80
-1160
 -853
  206
  120
 -876
-1286
 -483
  789
 1273
  483
 -371
   73
  789
   45
-1272
-1105
   69
  175
 -611
 -485
  520
  908
  395
  -25
  163
  341
 -196
-1042
-1117
 -432
  -39
 -214
 -488
 -384
  422
 1020
  199
 -701
   85
  944
  -34
-1447
-1104
  484
  815
 -429
 -774
  371
  713
 -398
 -959
 -190
  447
   24
 -805
 -944
  110
 1378
 1326
  118
 -426
  373
  720
 -387
-1132
 -399
  175
 -366
 -674
 -158
  324
  394
  267
  250
  420
  228
 -511
 -899
 -550
 -197
 -192
 -282
 -319
  165
 1141
 1066
 -184
 -313
  947
 1247
  -68
-1081
 -393
  758
  525
 -385
  -78
  868
  407
 -946
-1059
   85
  744
   64
-1035
-1001
  330
 1442
 1155
   82
 -128
  619
  489
 -848
-1304
 -190
  338
 -641
-1085
  -60
  929
  912
  274
  -97
  222
  334
 -403
 -938
 -471
  171
   28
 -647
 -781
  213
 1312
  786
 -738
 -740
  617
  788
 -481
-1136
 -279
  781
  539
 -288
   38
  830
  270
 -859
 -831
   35
  441
 -191
-1108
 -850
  541
 1302
  613
 -290
 -128
  541
  334
 -659
 -954
 -164
  264
 -314
 -566
  144
  801
  687
  148
 -112
   46
   87
 -283
 -584
 -358
   38
   81
 -263
 -389
  462
 1443
  901
 -226
  144
 1136
  698
 -673
-1076
 -219
  378
  -60
 -381
  223
  510
 -396
-1035
 -338
  553
  322
 -839
-1409
 -293
 1366
 1533
  332
 -313
  320
  882
  216
 -590
 -124
  624
  200
 -588
 -368
  532
  954
  607
   58
  -68
  141
  -50
 -569
 -671
 -376
 -242
 -431
 -473
   66
  765
  645
 -291
 -539
  563
 1255
  273
 -919
 -755
  266
  503
 -417
 -743
  253
  705
 -422
-1270
 -434
  777
  700
 -718
-1704
 -613
 1339
 1795
  457
 -798
 -241
  959
  409
-1125
-1011
  404
  517
 -705
 -906
  268
 1015
  430
 -560
 -442
  453
  187
-1039
-1039
  114
  363
 -492
 -854
  122
 1513
 1298
 -486
 -785
  896
 1354
 -170
-1424
 -931
  632
 1063
 -109
 -452
  779
 1065
 -360
-1134
 -184
  799
  301
 -760
 -606
  708
 1716
 1398
  183
 -392
  161
  584
  -47
 -795
 -387
  266
 -138
 -549
   62
  814
  752
  -21
 -443
  196
  577
 -337
 -910
 -138
  467
   31
 -678
 -759
  271
 1407
  900
 -382
 -133
 1131
 1058
 -429
-1134
 -261
  565
  142
 -507
    7
  768
  187
 -758
 -433
  473
  440
 -552
-1135
 -293
 1159
 1544
  611
 -184
  185
  804
  192
-1129
-1083
  166
  247
-1001
-1352
  -88
 1176
  965
 -149
 -230
  901
  965
 -457
-1027
 -244
  152
 -300
 -684
 -318
  728
 1105
   48
 -558
  431
 1046
  -18
-1170
 -805
  389
  531
 -586
 -723
  664
  925
 -643
-1438
 -326
  717
    3
-1404
-1429
  113
 1604
 1444
 -150
 -865
  273
 1110
  -16
-1415
 -812
  548
  274
 -777
 -666
  477
 1257
  708
 -292
 -168
  418
   20
 -575
 -273
  147
  -85
 -499
 -541
  128
 1089
  829
 -326
 -113
 1085
  779
 -871
-1478
 -439
  541
  173
 -561
  -14
  892
  257
 -915
 -639
  494
  735
    0
 -532
 -258
  525
 1244
 1154
  164
 -386
   32
  129
 -341
 -448
 -281
 -278
 -293
 -178
   50
  329
  414
  267
  332
  386
 -204
 -748
 -417
   32
 -241
 -768
 -742
  -20
  891
  908
 -231
 -719
  400
 1068
 -123
-1369
 -754
  626
  597
 -445
 -385
  716
  555
 -896
-1078
  192
  666
 -347
-1397
-1004
  437
 1256
  837
  117
  225
  932
  780
 -398
 -852
   43
  445
 -671
-1401
 -456
  754
  846
   44
 -421
  201
  687
 -201
-1138
 -687
  160
  133
 -543
 -804
  231
 1549
 1105
 -352
 -226
 1170
 1170
 -534
-1520
 -522
  785
  311
 -783
  -54
 1181
  333
-1250
 -885
  710
  986
 -408
-1403
 -511
 1191
 1675
  517
 -692
 -301
  903
  684
 -818
-1080
  175
  512
 -523
 -945
   -3
 1076
 1134
  298
 -125
  500
  762
  -84
 -721
 -439
   13
  -60
 -533
 -495
  621
 1360
  342
 -554
  431
 1437
  534
-1034
-1046
  300
  714
 -360
 -783
  266
  691
 -435
-1142
 -321
  611
  212
 -945
-1232
 -245
  961
 1136
  137
 -501
  186
  766
  107
 -625
 -394
  -96
 -471
 -642
  -71
  498
  574
  289
   26
  158
  104
 -525
 -727
 -209
   46
 -240
 -486
 -328
  375
 1033
  488
 -617
 -251
 1099
  795
-1106
-1863
 -598
  729
  390
 -534
  -41
  847
  217
 -816
 -492
  512
  416
 -697
-1083
 -236
  810
 1054
  390
 -194
  162
  666
   80
 -686
 -238
  338
 -276
 -999
 -449
  613
  884
  470
  108
  322
  698
  237
 -586
 -655
 -299
 -309
 -628
 -776
 -261
  932
 1496
  477
 -381
  501
 1370
  367
-1215
-1175
  116
  392
 -535
 -544
  593
  711
 -534
 -947
  120
  819
   17
-1218
-1094
  379
 1320
  717
 -357
 -299
  719
  839
 -338
 -954
 -167
  335
 -531
-1225
 -585
  461
  765
  247
 -157
  222
  532
   38
 -436
 -440
 -439
 -422
 -450
 -561
   -4
  973
  789
 -335
 -324
  765
  680
 -863
-1579
 -245
 1178
  502
 -918
 -509
  768
  354
 -956
 -996
   -7
  477
 -308
-1261
 -754
  639
 1167
  461
 -322
  -27
  677
  237
 -766
 -669
  -45
 -256
 -784
 -619
  100
  642
  546
   56
 -126
   87
  -55
 -588
 -610
 -272
 -389
 -599
 -479
 -122
  658
 1064
  202
 -467
  466
 1382
  334
-1448
-1376
  327
 1068
  182
 -465
  -22
  160
 -498
 -710
  -14
  357
 -304
 -979
 -560
  551
 1119
  623
 -143
  -63
  484
  166
 -608
 -415
  256
    8
 -694
 -487
  497
  991
  508
  -24
  283
  801
  357
 -668
 -881
 -300
  -78
 -234
 -249
 -286
   95
  887
  643
 -264
  101
 1252
 1036
 -569
-1297
 -234
  712
  -14
 -959
 -144
 1009
  228
-1188
 -867
  590
  847
 -520
-1544
 -681
 1026
 1373
   99
 -741
  200
 1296
  539
 -962
 -871
  344
  387
 -793
-1184
 -215
  658
  478
  -60
  -40
  375
  220
 -501
 -607
  -16
  225
 -145
 -485
 -117
  874
 1226
  202
 -668
  116
 1196
  575
-1022
-1292
  126
 1023
   93
 -834
  -33
  925
  279
 -836
 -714
  362
  668
 -460
-1376
 -484
 1206
 1589
  400
 -617
 -115
  762
  314
 -596
 -351
  342
  149
 -396
 -239
  425
  758
  405
   15
  373
  828
  308
 -506
 -549
 -326
 -345
 -391
 -358
  237
 1308
 1348
   15
 -630
  377
 1099
  204
 -989
 -789
  347
  658
   78
   25
  477
  247
 -324
  -81
  638
  693
 -126
 -794
 -377
  562
  864
  378
  -55
  223
  551
  -16
 -642
 -239
  252
 -241
 -892
 -542
  389
  804
  505
   75
  220
  603
  119
 -702
 -577
  -19
 -149
 -716
 -852
 -248
  754
 1088
  127
 -640
  215
 1239
  549
-1085
-1404
  -53
  643
 -258
 -673
  400
  951
 -273
-1243
 -274
  971
  470
-1091
-1529
 -161
 1241
  976
 -364
 -921
  -23
  629
 -263
-1084
 -546
   49
 -362
 -803
 -308
  481
  636
  175
  -96
  330
  568
 -108
 -712
 -502
 -193
 -266
 -427
 -426
  195
 1255
 1151
 -161
 -439
  725
 1148
 -128
-1328
 -633
  957
  973
 -327
 -468
  458
  365
 -609
 -813
   16
  607
  -43
-1029
 -787
  461
 1134
  565
 -292
 -234
  428
  249
 -620
 -531
  223
  -19
 -688
 -392
  350
  655
  483
  202
  192
  281
   14
 -388
 -314
  -82
 -262
 -497
 -462
 -157
  464
  768
  249
  -61
  657
 1186
  285
 -992
 -747
  541
  651
 -460
 -740
   10
  -11
 -867
 -897
   12
  477
  -77
 -738
 -451
  437
  831
  428
 -155
 -156
  222
    8
 -698
 -610
  309
  363
 -607
 -782
  108
  786
  588
 -106
 -176
  469
  466
 -372
 -722
 -374
 -345
 -657
 -664
 -307
  375
  767
   63
 -548
  405
 1474
  583
-1292
-1577
   49
 1061
   36
 -990
 -324
  541
   85
 -679
 -453
  349
  464
 -499
-1139
 -217
 1077
 1068
  117
 -255
  461
  887
   -1
 -868
 -497
  101
 -304
-1058
 -839
  223
 1002
  884
  404
  293
  125
 -315
 -320
 -112
 -432
 -874
 -823
 -577
 -198
  539
  791
  101
 -166
  714
 1365
  542
 -915
 -979
  325
  707
 -129
 -275
  345
  232
 -457
 -414
  245
  377
 -341
-1159
-1052
   78
 1031
  806
    7
  -74
  528
  542
 -291
 -647
 -107
   39
 -570
 -717
   17
  705
  698
  236
  -21
  161
   44
 -641
 -912
 -458
 -181
 -415
 -606
 -315
  461
  997
  430
 -510
 -260
  793
  807
 -503
-1397
 -546
  910
  862
 -350
 -545
  405
  545
 -448
 -868
 -197
  222
 -285
 -808
 -323
  856
 1334
  515
 -427
 -182
  480
  -33
-1078
 -790
  437
  532
 -513
 -842
   77
 1095
 1000
  -63
 -587
  -18
  328
 -212
 -548
 -203
  -26
 -177
 -230
 -146
  290
  699
  253
 -262
  380
 1353
  866
 -764
-1221
  149
 1273
  571
 -608
 -334
  452
   -7
 -893
 -646
  266
  352
 -520
 -962
 -141
 1062
 1205
  236
 -347
  278
  893
  266
 -557
 -142
  592
  329
 -137
   99
  529
  720
  494
  -19
  -28
  215
 -138
 -485
 -150
  266
  165
 -168
 -191
  215
  712
  509
 -357
 -393
  693
 1156
  159
 -907
 -566
  501
  384
 -696
 -702
  258
  267
 -738
-1000
   -2
  789
  167
 -932
 -740
  686
 1594
  817
 -525
 -533
  326
  236
 -704
 -769
  274
  592
 -266
 -572
  219
  914
  717
  -95
 -512
 -181
 -161
 -823
 -972
 -358
  -28
 -152
 -364
 -379
  367
 1272
  768
 -574
 -485
  747
  692
 -742
-1406
 -342
  870
  432
 -527
 -126
  574
   33
 -763
 -598
    7
   -8
 -787
-1160
 -170
 1415
 2027
 1148
   86
  199
  618
   11
 -811
 -519
  153
 -218
 -842
 -312
  675
  976
  607
  250
  479
  526
 -445
-1245
 -890
 -312
 -273
 -340
  -60
  621
 1370
 1180
  -55
 -681
   11
  485
 -436
-1492
 -834
  882
 1237
   97
  -45
  980
  562
-1139
-1497
 -260
  640
  -92
-1475
-1287
  577
 2023
 1745
  467
  -49
  623
  766
 -589
-1712
-1034
   18
 -325
 -974
 -294
 1066
 1525
  659
 -319
 -157
  170
 -661
-1454
 -970
 -204
  -99
 -310
 -123
  897
 1785
  985
 -580
 -462
  839
  652
-1027
-1685
 -371
 1066
  677
 -607
 -518
  576
  628
 -381
 -747
  -69
  192
 -693
-1486
 -857
  644
 1272
  660
  160
  367
  405
 -183
 -646
 -564
 -568
 -836
 -736
 -151
  388
  552
  485
  509
  716
  491
 -355
 -710
 -381
 -460
 -893
 -770
 -229
  328
 1101
 1258
  203
 -291
  676
 1256
  231
-1123
 -992
  254
  624
  -70
 -233
  168
 -170
 -806
 -364
  522
  285
 -832
-1229
 -299
  922
 1240
  481
 -364
  -95
  908
  969
 -190
 -803
 -118
  333
 -221
 -641
 -262
  454
  770
  251
 -185
  211
  243
 -546
 -563
  303
  216
 -808
-1215
 -586
  598
 1283
  507
 -509
   79
 1139
  669
 -805
-1382
 -191
 1065
  350
-1040
 -747
  491
  298
-1156
-1346
  218
 1119
  -77
-1573
 -931
 1073
 1853
  716
 -716
 -502
  902
 1147
 -291
-1170
 -199
  784
  200
 -752
 -390
  863
 1153
  143
 -339
  437
  678
 -493
-1219
 -462
  311
   75
 -650
 -745
  400
 1443
  821
 -370
  -60
 1150
 1072
 -456
-1476
 -556
  932
  684
 -570
 -396
  834
  563
 -987
-1145
  327
 1131
  151
-1030
 -529
 1135
 1903
  832
 -516
 -231
  835
  612
 -602
 -796
  133
  397
 -391
 -757
  178
 1404
 1166
 -272
 -545
  544
  519
 -979
-1512
 -288
  636
   97
 -656
 -155
 1437
 2167
  846
 -555
   38
 1199
  696
 -879
-1252
  313
 1572
  629
 -657
 -140
  751
   35
-1119
 -773
  413
  576
 -616
-1471
 -413
 1473
 1847
  458
 -654
   12
 1129
  541
-1033
-1299
 -219
  350
 -205
 -618
  -39
  713
  500
 -386
 -399
  466
  289
-1012
-1407
 -390
  523
  409
 -194
 -337
  339
  826
  259
 -130
  554
  859
 -145
-1220
-1029
  188
  771
 -172
-1061
 -439
  351
 -166
 -862
 -303
  742
  662
 -596
-1442
 -647
  839
  846
 -663
-1141
  156
  822
 -227
-1142
 -476
  795
 1073
  338
 -142
  444
 1276
  923
 -226
 -401
  125
 -478
-1657
-1461
 -247
  320
  -27
 -577
 -393
  963
 1735
  550
 -416
  584
 1756
 1067
 -652
 -902
  525
 1080
 -324
-1478
 -583
  312
 -707
-1742
-1087
  319
  804
  -65
 -694
  243
 1783
 2023
  518
 -869
 -507
  501
  212
 -866
 -755
  418
  721
 -149
 -526
  332
 1141
  645
 -452
 -649
 -132
 -350
-1065
 -700
  332
  518
   14
 -203
  391
 1434
 1519
  150
 -842
 -161
  531
 -405
-1852
-1740
  -91
  689
 -372
 -840
  608
 1368
  -94
-1168
 -187
  946
  499
 -823
-1037
  431
 1860
 1650
  216
 -606
   86
  704
 -320
-1524
 -972
   95
 -279
-1102
 -587
  806
 1465
  715
 -132
  355
  882
  -95
-1279
-1111
 -374
 -414
-1068
-1225
  -97
 1481
 1345
 -348
 -835
  411
  998
 -164
-1350
 -716
  948
 1100
 -379
 -557
  993
 1091
 -755
-1403
  -23
  885
   70
-1093
-1169
  -70
 1234
 1248
 -198
 -873
  469
 1361
   -9
-1216
 -311
  800
  283
 -734
 -467
  697
  887
 -362
-1237
 -240
  793
 -280
-1419
 -553
  737
  783
  -66
 -551
  333
 1799
 1495
 -699
-1650
   17
 2025
 1978
  -86
-1695
-1173
 -215
 -159
  546
 1769
  526
-2770
-3298
  572
 3950
 1924
-2916
-3494
 1049
 4467
 2889
-1089
-3112
-1811
  937
 1927
  227
-1590
-1632
 -842
  -29
 1236
 2236
 1168
-1771
-3166
 -638
 2374
 1507
-1435
-2104
 -179
 1525
 1348
  137
 -273
  477
  766
   17
 -202
  314
  -49
-1311
-1894
 -782
 1166
 1443
 -433
-1267
  480
 1604
  -18
-1871
-1617
  101
 1410
  767
 -873
 -859
  867
 1659
  364
 -947
 -376
  617
 -300
-1976
-1334
 1016
 1455
 -630
-1935
 -170
 2443
 2397
  378
 -278
  424
  -88
-1423
-1260
   74
  362
 -978
-2014
 -712
 1874
 2461
  430
-1082
 -204
  971
  386
 -907
 -854
  483
  723
 -658
 -770
 1202
 2009
  131
-1710
-1338
   86
  621
 -299
-1430
 -736
 1454
 2350
  966
 -284
  413
 1158
 -147
-1831
-1084
 1225
 1633
 -313
-1204
  704
 2428
 1177
 -980
 -807
  714
  530
-1050
-1570
 -653
  201
   29
 -354
  328
 1428
 1132
 -258
 -426
  906
 1464
  241
-1187
 -865
  932
 1571
  113
 -889
 -201
   44
 -851
-1141
 -432
  294
  281
 -530
 -777
  662
 2352
 2068
  -51
-1424
 -376
 1034
  114
-1981
-2044
  -79
  762
 -211
 -644
  541
 1590
  576
 -974
 -461
  706
  -60
-1306
 -684
  734
  935
   57
 -355
  614
 1838
 1192
 -657
 -932
  159
  339
 -591
-1128
 -310
 1081
 1120
 -133
 -195
 1071
  981
 -731
-1637
 -788
  426
  560
 -337
 -777
  383
 2060
 2123
  438
 -733
  -52
  744
 -286
-1804
-1457
   71
  409
 -543
 -574
  946
 1868
  843
 -506
 -272
  448
 -177
-1121
 -815
   96
  292
 -230
 -388
  369
 1201
  712
 -669
 -807
  260
  461
 -591
-1391
 -730
  581
  715
  -90
  -20
  872
  761
 -381
 -906
 -442
  195
  188
 -655
-1116
  -50
 1331
 1148
 -172
 -823
 -153
  614
  -74
-1439
-1272
   64
  254
 -669
 -583
  898
 1860
 1107
   14
  318
 1029
  235
-1161
-1042
   46
   40
-1073
-1385
  -28
 1215
  460
 -875
 -480
  862
  983
 -262
-1244
 -654
  859
 1033
 -304
 -640
  262
  130
 -995
-1154
  -89
  761
  216
-1112
-1273
  266
 1661
 1231
 -285
 -785
  257
  728
 -674
-1691
 -428
 1128
  529
-1032
 -705
 1378
 2249
  714
 -583
  317
  985
 -538
-1904
-1119
  267
  255
 -927
-1342
  229
 1807
  920
 -655
 -296
  722
  472
 -489
 -951
 -330
  957
  979
 -567
 -853
  763
 1238
 -404
-1509
 -564
  775
  530
 -892
-1388
  -49
 1759
 2012
  274
-1321
 -529
 1285
  762
-1604
-1770
  591
 1306
 -704
-1703
  245
 2183
 1066
-1267
-1030
  851
  595
-1287
-1510
 -122
  527
 -278
-1208
 -577
 1106
 1318
 -196
 -835
  160
  804
   65
 -999
 -943
  474
 1250
 -152
-1241
  122
 1339
  151
-1536
-1254
  599
 1467
 -129
-2020
 -990
 1907
 2583
  262
-1561
 -412
 1718
 1057
-1930
-2535
  200
 1549
 -501
-1949
   25
 2578
 1775
-1002
-1000
 1308
 1159
-1423
-2177
 -426
  782
  128
 -945
 -342
 1729
 2154
  238
 -836
   26
  701
  134
-1000
-1536
 -442
 1177
  759
 -943
 -414
 1629
 1305
 -970
-1699
  -47
 1563
  808
-1423
-1698
  828
 2462
  797
-1766
-1800
  741
 1969
 -614
-3036
-1132
 1704
  909
-1242
 -411
 2367
 2806
  212
-1421
  169
 1421
 -465
-2325
-1290
  564
  588
 -680
 -861
  768
 1986
 1138
 -201
  -55
  775
  734
 -146
-1070
 -673
  924
  955
 -936
-1377
  383
 1041
 -822
-2499
-1352
 1210
 1483
 -860
-1748
  778
 3198
 2305
 -367
-1269
  443
 1432
 -792
-2774
 -883
 1619
  528
-2004
-1421
 1706
 2706
  392
-1400
 -154
 1256
 -118
-1830
-1042
  604
  725
 -451
-1090
   35
 1496
  968
 -893
-1496
 -366
  631
  109
-1206
-1149
  719
 1721
  401
 -586
  653
 1632
  237
-1639
-1331
  725
 1419
 -462
-1863
 -257
 2141
 2111
  -83
-1523
  -97
 1986
  803
-2137
-1902
 1177
 2074
  -65
-1151
  629
 2712
 1897
 -938
-1538
  259
  226
-1689
-1906
 -250
 1069
 1011
  224
  301
 1337
 1497
  180
 -803
 -335
  431
  337
 -617
-1234
 -146
 1384
  990
 -340
  -50
 1103
  550
-1322
-1711
    9
 1265
   30
-1902
-1077
 1848
 2835
  853
-1066
 -269
 1556
  667
-2243
-2782
 -270
 1013
 -676
-1900
 -380
 1928
 1929
 -169
 -786
  712
  858
-1000
-1747
 -615
  318
   82
 -511
 -252
 1017
 1642
  422
 -946
 -720
  249
  520
 -362
-1329
 -527
 1306
 1160
 -596
 -502
 1051
  750
-1168
-1879
 -585
  879
  359
-1582
-1699
  772
 2390
  954
-1517
-1796
  507
 1565
 -936
-2781
 -747
 1751
 1196
 -868
 -739
 1753
 2713
  463
-1441
 -434
  582
 -791
-2104
-1446
 -172
  361
  -59
 -332
  670
 1575
  888
 -279
 -414
  316
  734
   38
 -894
 -184
 1557
 1387
 -449
 -667
  539
  202
-1739
-2630
 -987
 1078
  492
-1550
-1153
 1621
 3005
 1470
 -575
 -311
 1422
 1256
-1200
-2155
  -91
 1289
  -29
-1243
 -190
 1502
  983
-1278
-1708
   28
  384
-1169
-1503
  158
 1503
 1144
  -58
 -389
  620
 1382
  498
 -952
-1041
  -71
  348
 -300
-1172
 -768
  637
  522
-1143
-1237
  478
  749
-1106
-2058
 -455
 1476
  921
-1364
-1802
  636
 2590
 1563
 -816
-1482
  367
 1630
 -353
-2578
-1148
 1579
 1097
-1354
-1419
 1077
 2426
  585
-1712
 -864
 1272
  752
-1142
-1239
 -159
   94
 -474
 -484
  596
 1461
  784
 -543
 -592
  652
 1491
  760
-1002
-1633
  -82
 1269
  331
 -527
  650
 1066
 -851
-2377
-1098
 1561
 1750
 -984
-2290
  104
 2901
 2839
  541
-1209
 -383
 1138
   20
-2222
-1439
 1219
 1103
-1331
-1632
 1040
 2895
 1025
-1885
-1167
 1492
  931
-1734
-1703
  851
 1910
  173
-1272
  181
 2441
 2037
 -626
-1972
 -306
 1793
 1352
-1012
-1911
  353
 2166
  258
-1694
   69
 2241
  777
-2310
-2441
  718
 2478
  136
-2318
 -708
 2464
 2792
  280
-1947
-1215
 1083
  644
-2208
-2512
  620
 2524
  608
-1809
 -805
 2036
 2099
 -850
-2059
   97
 1320
 -484
-2037
 -961
 1036
 1156
 -554
-1209
  558
 2153
  976
-1333
-1640
   66
 1214
  265
-1355
 -924
 1242
 1404
 -807
-1207
  862
 1449
 -864
-2857
-1565
 1195
 1104
-1618
-2188
  599
 2748
 1620
 -902
-1298
  779
 1809
 -270
-2430
-1021
 1802
 1515
-1098
-1625
 1012
 2741
  525
-2157
 -962
 1525
  502
-2349
-2292
  501
 2200
  918
-1246
 -861
 1833
 2646
  -13
-2022
 -459
 1794
 1362
-1106
-2177
  -98
 1857
  402
-1720
 -700
 1427
  621
-2027
-2368
  176
 2042
  596
-1727
 -839
 2165
 2933
  470
-1967
-1083
 1425
  987
-1890
-2467
  321
 2417
  846
-1477
 -403
 2384
 2192
 -972
-2184
   31
 1088
 -860
-2316
-1239
  773
 1128
 -479
-1228
  405
 1952
  914
-1167
-1259
  417
 1332
  181
-1492
 -819
 1492
 1475
 -827
-1177
  761
 1047
-1108
-2329
 -664
 1607
 1236
-1261
-1918
  702
 2959
 1679
-1339
-2053
  215
 1723
 -106
-2334
-1073
 1788
 1611
-1232
-1960
  876
 2649
  153
-2689
-1514
 1061
  462
-2042
-2223
  216
 1862
  644
-1334
 -743
 1664
 2036
 -175
-1500
 -335
 1247
  973
 -972
-1679
  424
 1960
  169
-1589
 -148
 1508
  155
-2345
-2438
  274
 2064
  101
-2346
 -852
 2566
 2999
   -3
-2469
-1196
 1636
 1247
-1923
-2715
  250
 2480
  871
-1710
-1009
 2070
 2605
 -390
-1926
  195
 1497
 -403
-2040
 -983
 1079
 1312
 -522
-1288
  566
 2106
  866
-1337
-1505
  309
 1423
  224
-1521
 -763
 1579
 1520
 -851
-1502
  310
 1072
 -754
-2468
-1424
 1128
 1591
 -686
-1803
  433
 2687
 1791
 -938
-1849
  184
 1530
 -420
-2540
-1282
 1315
 1247
 -954
-1431
  926
 2591
  867
-1581
-1143
  643
  234
-1525
-1561
  273
 1534
  600
 -887
 -327
 1359
 1213
 -612
-1380
 -256
 1090
  852
 -827
-1484
  120
 1377
  197
-1050
 -120
 1079
  214
-1700
-1938
  -23
 1391
  255
-1360
 -305
 2158
 2441
   66
-2013
-1084
 1363
 1148
-1515
-1998
  449
 1888
  353
-1528
 -349
 2108
 1422
-1057
 -895
  918
  917
 -506
-1343
 -748
  691
  840
 -568
 -723
  900
 1435
  159
 -883
 -633
  443
  834
 -401
-1167
  314
 1589
  477
 -661
   72
  522
 -630
-1715
-1242
  493
 1407
  124
-1125
  208
 2556
 2696
  374
-1385
 -374
 1154
   34
-2039
-1529
  737
 1425
   20
 -851
  619
 2215
  983
-1413
-1375
  350
  338
-1239
-1502
  -82
  935
  332
 -765
 -392
  996
 1196
   57
 -812
 -508
  588
  880
 -449
-1174
  313
 1377
   74
 -989
  176
 1093
 -394
-2330
-2072
  106
 1373
   37
-1550
 -399
 2146
 2487
   21
-2145
-1145
 1267
 1043
-1521
-2202
  145
 1806
  443
-1448
 -698
 1676
 1682
 -972
-1910
   34
  996
 -622
-1827
 -626
 1080
  943
 -439
 -626
  827
 1515
  241
-1075
 -773
  469
  937
 -142
-1098
   -3
 1451
  457
-1378
 -735
 1144
  973
 -994
-2074
 -857
 1129
 1023
 -903
-1201
  907
 2423
 1446
 -923
-2094
 -580
 1175
   77
-1844
-1167
  957
 1453
 -147
-1215
  364
 2276
 1137
-1367
-1273
  479
  294
-1239
-1352
  200
 1512
  820
 -841
 -633
 1246
 1727
  107
-1135
 -404
 1075
  997
 -753
-1253
  590
 1557
  125
-1089
 -647
  160
 -115
-1397
-1656
  206
 1789
  598
-1347
 -546
 1827
 2067
 -165
-1700
 -455
 1318
  523
-1452
-1322
  539
 1323
  221
 -645
  616
 2055
  751
-1400
-1043
  271
 -231
-1403
-1368
 -301
  781
  648
 -506
 -592
  746
 1143
 -146
-1022
 -347
  801
  846
 -567
-1474
 -123
 1238
  117
 -968
  201
 1105
 -106
-1667
-1457
  195
  926
 -390
-1654
 -586
 1703
 2446
  844
-1223
-1012
 1165
 1382
-1020
-1847
   72
 1383
  275
-1435
 -930
 1563
 2017
 -683
-1997
 -105
 1069
 -359
-1655
 -916
  502
  618
 -386
 -471
  837
 1496
  595
 -399
 -243
  645
  800
 -338
-1067
  168
 1456
  374
-1104
 -372
  889
  191
-1794
-2277
 -127
 1927
  987
-1331
-1118
 1640
 3080
 1301
-1481
-1857
  300
 1228
 -766
-2364
 -913
 1310
 1111
 -796
-1060
 1082
 2123
   -7
-1962
 -849
  635
 -237
-1760
-1508
  357
 1390
  199
-1022
  -14
 1711
 1341
 -649
-1397
 -206
 1067
  688
 -851
-1068
  609
 1403
 -209
-1357
  166
 1431
 -170
-2493
-2221
  658
 2303
  401
-1827
 -685
 2255
 2773
  132
-2124
-1010
 1626
 1373
-1691
-2718
 -145
 2179
 1262
-1306
-1416
 1440
 2446
 -170
-1832
 -132
 1098
 -636
-1971
 -404
 1547
 1068
 -803
-1006
  698
 1633
  612
 -849
 -813
  665
 1313
 -186
-1519
 -121
 1896
  902
-1578
-1284
 1109
 1318
-1208
-2671
 -754
 1940
 1519
-1134
-1551
 1102
 3119
 1883
-1187
-2135
  297
 1909
 -180
-2522
-1400
 1305
 1659
 -402
-1234
 1002
 2774
  771
-1821
 -828
 1388
  542
-2066
-2367
   17
 1591
  222
-1561
 -564
 1816
 1837
 -604
-1904
 -333
 1676
 1147
-1314
-1771
  827
 2214
  196
-1729
 -666
 1086
  202
-2316
-2626
  254
 2365
  666
-1777
 -724
 2397
 3080
  304
-2344
-1309
 1422
 1079
-1808
-2485
  100
 1962
  434
-1838
 -965
 2001
 2262
 -747
-2098
 -104
 1117
 -635
-2292
-1145
 1140
 1303
 -691
-1321
  717
 2248
 1025
-1121
-1243
  719
 1751
   90
-1755
 -644
 1738
 1383
 -881
-1057
  833
 1249
 -846
-2360
 -812
 1804
 1693
 -916
-1530
 1195
 3243
 1696
-1547
-2091
  717
 2080
 -352
-2517
 -933
 1747
 1380
-1198
-1724
  953
 2642
  306
-2299
 -968
 1449
  718
-1660
-1964
  276
 1952
  684
-1280
 -605
 1548
 1705
 -349
-1620
 -383
 1519
 1157
-1030
-1447
  657
 1570
 -314
-1515
   81
 1544
  267
-2071
-2002
  673
 1975
  -94
-2111
 -718
 2165
 2499
 -247
-2438
-1025
 1594
 1043
-1786
-2239
  423
 2137
  481
-1895
 -962
 2079
 1949
-1390
-2337
  259
 1520
 -550
-2363
-1168
 1103
 1120
 -830
-1295
  646
 1934
  731
-1058
 -939
  790
 1389
 -278
-1563
 -179
 1467
  250
-1719
 -984
  997
  757
-1704
-2906
 -592
 2244
 1260
-1852
-1848
 1373
 3169
 1184
-1967
-1879
 1139
 1893
 -877
-2674
 -815
 2000
 1700
-1047
-1509
 1363
 2833
  164
-2499
-1094
 1417
  675
-1757
-1722
  908
 2010
 -519
-2570
 -403
 2692
 1928
-1514
-2477
  461
 2771
  956
-1853
-1025
 1952
 2096
 -766
-1928
  327
 2115
  254
-2622
-2006
 1469
 2746
    1
-2162
  -73
 3153
 2921
 -505
-2551
 -538
 1880
  535
-2316
-2021
  872
 1860
 -295
-1733
  269
 2523
 1235
-1412
-1227
  752
  694
-1272
-1929
 -191
 1324
  262
-1433
 -681
 1382
 1330
 -784
-1665
   -3
 1737
  844
-1456
-1376
 1096
 1778
 -468
-1870
 -330
 1376
  429
-1855
-1972
  653
 2280
  497
-1759
 -806
 2136
 2880
  268
-2071
 -962
 1358
  922
-1548
-2089
   92
 1652
  426
-1206
  -62
 2152
 1483
-1119
-1559
  164
  632
 -904
-1809
 -284
 1750
 1112
-1142
-1052
 1298
 2174
  548
 -937
 -335
 1146
 1045
 -636
-1193
  399
 1674
  657
-1062
-1019
  274
  513
 -646
-1210
  117
 1618
  671
-1395
 -909
 1669
 2616
  509
-2003
-1521
  942
 1382
 -697
-1775
 -156
 1524
  710
-1098
 -537
 1989
 2308
 -218
-1456
 -130
  771
 -102
-1168
 -791
  761
 1281
  -59
 -764
  659
 1918
 1006
 -651
 -805
  335
  771
 -257
 -957
   -3
  778
 -117
 -960
 -384
  358
   -5
-1117
-1449
 -143
 1074
  149
-1406
 -639
 1800
 2553
  408
-1971
-1513
  689
 1037
 -901
-2032
 -508
 1546
 1112
 -811
 -414
 2004
 2104
 -415
-1648
 -364
  831
   25
-1395
-1308
  -22
  397
 -598
-1020
  127
 1096
  517
 -689
 -801
  262
  721
  -99
 -533
  457
 1066
 -130
-1016
 -113
  661
  -25
-1350
-1658
 -160
 1229
  383
-1250
 -661
 1760
 2602
  557
-1676
-1113
 1127
 1434
 -571
-1736
 -350
 1631
 1383
 -424
 -350
 1646
 1784
 -406
-1424
 -361
  357
 -508
-1619
-1195
  346
  713
 -343
 -465
  900
 1548
  385
 -898
 -511
  831
  944
 -430
 -930
  386
 1080
 -172
 -993
   71
 1065
  384
-1153
-1593
  -62
 1443
  493
-1495
-1073
 1544
 2764
  916
-1594
-1428
  775
 1298
 -617
-1914
 -559
 1577
 1448
 -381
 -545
 1271
 1803
  -35
-1486
 -766
  210
 -448
-1501
-1057
  427
  889
 -100
 -567
  410
 1206
  492
 -778
 -709
  826
 1555
  212
 -877
  318
 1475
  222
-1224
 -407
  874
  124
-1757
-2271
 -675
 1128
  742
-1121
-1265
  959
 2623
 1495
-1040
-1596
  326
 1409
 -118
-1951
-1318
  918
 1427
 -441
-1429
  401
 1999
  452
-1646
 -939
  782
  355
-1341
-1433
  393
 1431
  199
 -998
  -62
 1489
 1140
 -711
-1272
  387
 1772
  769
-1097
 -884
 1069
 1069
-1267
-1872
  200
 1427
 -292
-2519
-1880
  857
 1922
  -18
-1663
 -163
 2463
 2774
  329
-1889
 -964
 1265
  812
-1610
-2031
  212
 1893
  755
-1214
 -525
 1935
 1884
 -800
-1751
  245
 1543
 -187
-2294
-1228
 1503
 1730
 -393
-1157
  476
 1576
  298
-1333
 -961
  862
 1391
 -481
-1527
  374
 1761
   47
-1883
 -905
 1029
  386
-1982
-2575
 -228
 2159
 1229
-1535
-1594
 1590
 3432
 1357
-1651
-1709
  672
 1128
-1367
-2624
 -640
 1745
 1347
-1062
-1264
 1580
 2736
  109
-1977
 -439
 1345
  -55
-2332
-1848
  750
 1719
 -282
-1797
   13
 2313
 1495
 -959
-1464
  510
 1984
  504
-1852
-1236
 1390
 1597
 -891
-1697
  528
 1716
 -473
-2781
-1634
 1458
 2033
 -642
-2161
  191
 3149
 2757
 -298
-1852
  133
 1940
  118
-2459
-1651
 1295
 2078
 -231
-1834
  184
 2670
 1225
-1960
-1663
 1251
 1661
 -957
-2338
 -371
 1883
 1056
-1175
-1036
 1207
 1994
  285
-1195
 -328
 1469
 1243
 -952
-1560
  719
 2175
  361
-1474
 -270
 1535
  410
-2354
-2519
  542
 2416
  397
-1971
 -767
 2123
 2611
  141
-1960
 -763
 1637
 1178
-1488
-2230
   35
 1790
  447
-1510
 -531
 2087
 2036
-1011
-2340
   19
 1614
 -551
-2859
-1426
 1753
 2201
 -409
-1839
  332
 2569
 1227
-1585
-1738
  846
 2081
 -158
-2511
-1248
 1605
 1325
-1588
-2156
  566
 1717
-1074
-3502
-1608
 1937
 2048
-1028
-2087
  742
 3146
 1794
-1295
-1913
  646
 1863
 -680
-2932
-1280
 1733
 1687
 -850
-1534
 1065
 3021
  799
-2327
-1398
 1603
 1509
-1532
-2561
  302
 2609
  890
-1936
-1485
 1464
 2329
 -109
-2055
 -659
 1893
 1596
-1296
-2293
  248
 2291
  570
-1925
 -814
 1879
 1226
-2127
-3106
    1
 2569
  742
-2163
-1389
 1887
 3027
  645
-1760
 -933
 1352
 1146
-1467
-2455
 -185
 1890
  785
-1528
-1307
 1457
 2535
  -30
-2145
 -409
 1981
  715
-2495
-2676
  703
 2561
   78
-2514
 -902
 2281
 2087
-1037
-2382
    7
 2488
 1250
-1941
-2251
  830
 2188
 -567
-2639
 -329
 2468
 1044
-2563
-2821
  804
 2657
   47
-2433
 -687
 2685
 2878
 -137
-2019
 -242
 1946
  453
-2624
-2544
  496
 1914
 -281
-2143
 -144
 2790
 1977
-1599
-2453
  612
 2040
 -861
-3452
-1550
 2312
 2382
-1293
-2427
  829
 3073
  851
-2458
-1994
 1493
 2845
  147
-2465
 -879
 2384
 1879
-1612
-2165
 1204
 2671
 -520
-3297
-1202
 2343
 1742
-1731
-2204
 1015
 2972
 1218
-1596
-1590
  921
 1486
-1119
-2796
 -732
 1983
 1172
-1466
-1298
 1698
 2835
   64
-2348
 -600
 2235
 1158
-2379
-2730
  679
 2784
  626
-2359
-1219
 2375
 2722
 -596
-2388
   10
 2745
 1704
-1626
-2548
  370
 2479
  201
-2533
 -894
 2298
 1361
-2491
-3154
  433
 2630
  343
-2501
-1444
 1867
 2368
 -353
-2006
 -431
 1754
  951
-1817
-2115
  576
 1985
   15
-2000
 -612
 2200
 2133
 -891
-2347
  117
 2273
  117
-3064
-2134
 1679
 2733
 -452
-2603
 -174
 2791
 1663
-1754
-2491
  474
 2737
  869
-2289
-1828
 1610
 2533
 -685
-2741
 -253
 2356
  617
-2786
-2528
 1237
 2782
  -39
-2312
 -490
 2394
 2138
 -559
-1599
  350
 1960
  466
-2001
-1625
  984
 1725
 -314
-1648
  113
 2616
 1937
-1116
-1705
 1028
 2277
 -428
-3029
-1419
 1984
 2128
-1006
-2624
 -136
 2827
 1774
-1539
-1951
 1120
 3072
 1022
-2059
-1698
 1415
 2257
 -623
-2280
  148
 2381
  672
-2389
-2130
 1177
 2449
  165
-1593
 -184
 2226
 2115
 -283
-1259
  517
 1873
  180
-2192
-1517
 1075
 1469
 -766
-1859
  239
 2643
 1693
-1397
-1808
 1089
 2288
 -342
-3002
-1851
 1664
 2285
 -954
-2596
  204
 2852
 1151
-2055
-1795
 1416
 2759
  353
-2325
-1352
 1761
 1905
-1192
-2082
  826
 2354
 -266
-2991
-1818
 1196
 1448
-1084
-2084
  195
 2410
 1663
 -502
 -833
  765
  960
-1162
-2258
 -533
 1207
  309
-1362
 -813
 1339
 2086
  320
-1553
 -695
 1611
 1291
-1752
-3137
 -634
 2358
 1481
-1717
-2027
 1184
 3057
  687
-2266
-1313
 1797
 2316
 -394
-2472
-1009
 1874
 1836
 -968
-1685
  968
 2275
 -398
-3225
-1996
 1209
 1550
 -734
-1466
  490
 1988
 1024
 -468
 -289
  813
  528
-1338
-2009
 -291
 1075
   97
-1182
 -378
 1515
 1970
  300
-1368
 -624
 1222
  712
-1938
-2694
   -7
 2235
  764
-1709
-1089
 1572
 2014
 -546
-2289
 -657
 1933
 1887
 -694
-2202
 -433
 1835
  892
-1782
-1662
 1145
 1961
 -723
-2974
-1541
 1129
 1113
 -793
-1288
  275
 1535
  976
   12
  183
  711
   10
-1411
-1396
  112
  665
 -345
 -744
  393
 1544
 1235
 -313
-1294
 -212
 1354
  449
-2073
-2328
  408
 2208
  434
-1956
-1092
 1638
 1998
 -554
-2158
 -439
 1894
 1445
-1054
-2142
 -223
 2000
 1193
-1292
-1348
 1036
 1620
 -912
-2808
-1307
 1278
 1345
 -457
 -784
  692
 1553
  909
   16
    4
  296
 -179
 -801
 -416
  247
  -84
 -696
 -227
  862
 1199
  547
 -386
 -684
  142
  847
 -351
-2341
-1864
 1039
 2194
   41
-1596
  -17
 2138
 1566
 -795
-1575
  209
 2108
 1545
 -872
-1732
  272
 1952
  672
-1498
-1212
  917
 1443
 -677
-2550
-1383
 1223
 1660
  -41
 -884
  140
 1306
 1324
  515
 -368
 -790
 -720
 -402
    6
  -19
 -552
 -459
  544
 1031
  399
 -386
 -664
 -391
  473
  969
 -328
-2240
-1678
 1140
 2036
 -274
-1779
  -81
 2049
 1419
-1072
-1905
   75
 2176
 1693
 -654
-1771
 -156
 1771
  837
-1642
-1658
  715
 1385
 -971
-2959
-1645
 1260
 1956
  119
-1099
 -143
 1262
 1380
  361
 -669
 -846
 -396
  -70
   -6
 -133
 -429
 -229
  567
  862
  447
   41
 -307
 -474
  199
  863
 -164
-1842
-1327
 1185
 2083
  -16
-1821
 -501
 1840
 1514
-1080
-2173
 -159
 2266
 1892
 -873
-2210
 -147
 2076
  937
-1858
-1817
 1102
 2094
 -469
-2735
-1567
 1365
 2304
  546
-1056
 -305
 1558
 2025
  836
 -381
 -535
  -89
    7
 -197
 -377
 -447
   42
  879
 1126
  661
  152
 -189
 -310
  339
  912
 -319
-2135
-1467
 1230
 1962
 -388
-2087
 -494
 1703
  927
-1528
-1994
  303
 2561
 1883
 -891
-1975
  159
 2280
 1065
-1732
-1896
  715
 1889
 -351
-2644
-1469
 1572
 2371
  318
-1474
 -744
 1176
 1623
  307
 -959
 -898
  -57
  277
 -119
 -608
 -699
 -220
  348
  315
  -62
 -165
 -170
 -239
  198
  812
   63
-1672
-1537
  894
 1989
    0
-1870
 -699
 1654
 1703
 -610
-2067
 -532
 2056
 2116
 -511
-2078
 -322
 2124
 1598
-1190
-2055
  278
 1946
   31
-2690
-2159
  792
 2245
  768
-1266
-1003
  991
 1882
  731
 -826
 -994
 -115
  205
 -258
 -671
 -605
  -65
  501
  534
  200
   49
  -32
 -216
   72
  805
  461
-1371
-2125
 -120
 1900
  822
-1685
-1642
 1057
 2320
  205
-2085
-1233
 1629
 2817
  715
-2010
-1587
 1238
 2099
 -396
-2546
 -945
 1980
 1636
-1525
-3045
 -795
 2141
 1858
 -665
-1560
   92
 1693
 1322
 -172
-1035
 -637
  129
  181
 -257
 -632
 -655
   19
  758
  602
  -55
 -297
 -106
  200
  706
  800
 -521
-2024
-1209
 1180
 1468
 -947
-2223
 -364
 1739
  967
-1581
-2059
  488
 2743
 1836
-1203
-2293
  198
 2390
  708
-2410
-2140
 1141
 2419
 -296
-3130
-2049
 1379
 2608
  510
-1736
-1204
 1051
 2008
  889
 -708
-1042
  -50
  754
  451
 -486
 -963
 -307
  695
  639
 -340
 -726
 -263
  157
  566
  817
 -125
-1672
-1445
  672
 1513
 -478
-2381
-1133
 1496
 1639
 -782
-2164
 -223
 2682
 2650
 -299
-2443
-1030
 2023
 2147
 -956
-2584
 -256
 2485
 1283
-2196
-2815
  263
 2898
 1796
-1233
-1940
  212
 1966
 1451
 -254
-1265
 -626
  612
  729
 -288
-1160
 -856
  400
  923
 -128
-1139
 -716
  273
  670
  615
  124
-1173
-1848
 -335
 1418
  748
-1305
-1569
  620
 2011
  350
-1910
-1485
 1229
 2905
 1305
-1669
-2062
  620
 2485
  687
-2275
-1883
 1390
 2621
 -136
-3076
-1955
 1666
 2702
   96
-2349
-1495
 1273
 2372
  909
 -981
-1095
  358
 1230
  425
-1036
-1327
   76
 1409
  791
 -893
-1168
  175
 1173
 1051
  513
 -310
-1287
-1083
  554
 1299
 -215
-1551
 -384
 1641
 1683
 -308
-1484
   47
 2391
 2394
 -326
-2555
-1228
 1741
 1984
 -730
-2406
 -327
 2610
 1668
-2138
-3570
 -642
 2761
 2000
-1433
-2344
  294
 2805
 2216
 -336
-1523
 -215
 1454
 1158
 -688
-1716
 -611
 1208
 1351
 -218
-1159
 -200
 1134
 1243
  706
  136
 -856
-1449
 -367
 1105
  506
-1414
-1403
  793
 1922
  247
-1959
-1379
 1492
 2740
  732
-2009
-2152
  625
 2318
  -29
-2968
-1795
 1936
 2711
 -766
-3665
-1781
 2388
 2979
 -554
-2811
 -871
 2049
 2331
  239
-1389
 -620
 1035
 1104
 -461
-1834
-1491
  115
  845
 -267
-1412
 -702
  941
 1297
  432
 -195
 -783
-1447
 -914
  568
  704
 -911
-1454
  394
 1938
  771
-1418
-1306
 1248
 2990
 1399
-1792
-2425
  326
 2603
  994
-2325
-2153
 1550
 3335
  570
-3075
-2603
 1552
 3526
  620
-2602
-1745
 1416
 2612
  810
-1228
-1007
  672
 1381
  166
-1540
-1599
  124
 1456
  708
-1044
-1277
  316
 1467
 1019
   29
 -665
-1138
 -849
  391
  817
 -434
-1271
   24
 1814
 1354
 -946
-1858
  132
 2523
 1933
-1060
-2463
 -432
 2145
 1532
-1444
-2325
  396
 2954
 1511
-2418
-3459
  -82
 2784
 1246
-2106
-2349
  761
 2810
 1510
 -726
-1122
  251
 1303
  566
-1072
-1840
 -751
 1254
 1414
 -592
-1501
  -59
 1146
  947
  502
 -336
-1179
 -547
  406
  119
 -514
 -868
 -551
  963
 1431
 -633
-1982
 -400
 1843
 2115
   -4
-2204
-1141
 1929
 2040
 -952
-2368
 -579
 1745
 1906
 -799
-3551
-1952
 2317
 2747
-1008
-2693
 -142
 2332
 1871
   15
-1040
 -410
 1088
 1240
 -580
-1935
 -981
  987
 1622
  215
-1346
 -721
 1435
 2142
  442
-1335
-1279
 -247
  198
 -246
 -944
-1075
 -122
 1228
 1198
 -344
-1219
 -157
 1631
 1860
  -35
-1650
 -837
 1210
 1746
   21
-1735
-1014
 1370
 2112
 -132
-2726
-1957
 1479
 2566
 -185
-2380
 -843
 2092
 2513
  361
-1287
 -697
  893
 1136
 -365
-1656
-1146
  585
 1504
  376
-1359
-1096
 1026
 2113
  712
-1252
-1381
 -233
  110
 -413
 -605
 -437
  -82
  569
  710
 -150
 -963
 -544
  838
 1541
  561
 -995
-1261
  181
 1541
  931
 -880
-1412
  264
 1892
  844
-1885
-2710
 -279
 2179
 1160
-1735
-2107
  555
 2453
 1399
 -689
-1046
  361
 1205
  248
-1292
-1643
 -495
  723
  538
 -752
-1356
 -130
 1649
 1625
 -145
-1136
 -348
  445
 -145
-1001
 -744
  129
  682
  691
  292
 -239
 -369
  209
  878
  947
  287
 -514
 -357
  642
 1001
   50
 -976
 -595
  779
 1341
    0
-1969
-1984
  111
 1501
  297
-1560
 -995
 1343
 2116
  461
 -948
 -317
  894
  797
 -444
-1388
-1127
   51
 1008
  706
 -429
 -657
  647
 1802
 1083
 -616
 -881
  413
  781
 -586
-1522
 -854
  171
  557
  516
  343
   95
  -57
  -48
   14
   80
  103
  343
  849
  859
   49
 -790
 -752
   62
  553
  -12
-1197
-1800
 -935
  500
  618
 -702
-1309
  192
 1879
 1316
 -467
 -870
  333
 1311
  951
 -173
-1020
-1145
 -569
  136
  221
 -254
 -519
    3
  799
  747
 -120
 -598
 -346
 -371
 -908
 -905
 -231
  110
 -111
 -263
  -84
  215
  333
   -6
 -503
 -567
 -190
  317
  543
  262
 -127
 -203
   53
  373
  442
  191
 -402
-1079
-1036
  -86
  638
  305
 -176
  223
  883
  867
  458
  303
  231
  -44
 -146
   62
   63
 -411
 -755
 -359
  228
  202
 -104
   46
  404
  267
 -124
  -23
  157
 -468
-1122
 -649
  352
  631
  100
 -310
    3
  637
  646
  -96
 -502
   13
  637
  598
  137
  -39
  336
  470
 -127
 -632
 -325
  400
  266
-1026
-1735
 -748
  609
  659
 -176
 -296
  510
 1066
  781
  236
  -94
 -328
 -425
 -352
 -428
 -709
 -730
 -290
  108
   96
   75
  405
  649
  299
 -279
 -182
  293
 -204
-1028
 -465
  657
  640
  -73
 -153
  371
  471
 -191
 -861
 -545
  525
  801
  -36
 -445
  249
  935
  529
 -657
-1209
 -330
  808
  352
-1521
-2364
 -857
  849
  509
 -693
 -605
  682
 1428
  907
  161
 -104
 -144
 -151
 -131
 -303
 -846
-1016
 -186
  666
  510
 -182
 -173
  818
 1309
  320
 -743
 -680
 -334
 -334
 -236
   35
   44
 -100
  205
  596
  137
 -791
 -803
  180
  704
  222
 -258
   66
  676
  707
  152
 -572
 -830
  116
 1325
  570
-1671
-2115
  -48
 1377
  479
 -574
   45
 1248
 1513
  997
  432
 -106
 -431
 -153
  106
 -535
-1310
 -791
  580
 1082
  312
 -510
 -152
 1027
 1138
 -242
-1120
 -606
 -112
 -388
 -672
 -589
 -281
  281
  719
  400
 -398
 -773
 -248
  680
  750
 -150
 -502
  304
  964
  506
 -427
 -795
 -286
  481
  507
 -627
-1792
-1302
  274
  763
 -157
 -657
  284
 1393
 1137
  138
  -33
  418
  334
 -234
 -609
 -754
 -807
 -415
  377
  735
  312
 -240
   23
  919
  808
 -508
-1045
 -379
  -60
 -380
 -520
 -265
  345
  971
  782
 -144
 -658
 -279
  360
  557
  263
  -90
  115
  888
 1100
  347
 -293
 -253
   93
  432
  282
 -698
-1514
 -919
  400
  675
 -117
 -450
  223
  951
  738
   75
   22
  252
  110
 -166
 -387
 -555
 -447
  -23
  389
  417
   79
   -4
  638
 1113
  475
 -271
  -16
  224
 -422
 -778
 -197
  330
  341
  199
  123
  183
  146
 -167
 -201
  318
  699
  450
  120
  291
  465
  168
 -181
 -289
 -158
  197
  252
 -525
-1424
-1059
  258
  704
   68
 -161
  485
  967
  602
  174
  445
  570
 -107
 -632
 -487
 -316
 -309
  -33
  371
  325
  -11
   60
  734
  989
  -39
 -892
 -354
   38
 -717
-1270
 -527
  695
  913
  117
 -470
 -332
  -58
 -218
 -491
 -241
  379
  641
  355
  130
  257
  418
  380
  -37
 -510
 -256
  183
 -498
-1610
-1278
  287
 1135
  550
 -148
  298
 1164
 1187
  679
  385
   56
 -308
 -185
  -14
 -423
 -743
 -190
  692
  875
  174
 -449
  154
 1168
  721
 -669
-1117
 -639
 -415
 -427
 -138
  127
  169
  255
  307
  147
 -198
 -520
 -395
  291
  777
  365
 -221
    1
  587
  662
   93
 -668
 -836
 -112
  468
 -265
-1640
-1757
 -259
 1029
  716
 -322
 -336
  697
 1199
  682
   67
 -229
 -348
 -192
  -43
 -489
-1131
 -779
  500
 1068
  275
 -577
 -160
  886
  696
 -598
-1081
 -561
 -294
 -423
 -281
  101
  314
  406
  433
  127
 -415
 -644
 -340
  318
  728
  222
 -431
   56
  924
  692
 -259
 -740
 -450
  170
  289
 -591
-1706
-1539
  -13
  833
   49
 -676
    6
 1160
 1192
  256
  -68
  297
   52
 -547
 -558
 -466
 -672
 -546
  197
  833
  477
 -370
 -209
  877
 1126
  -15
 -928
 -485
  108
 -236
 -625
 -303
  154
  321
  345
   95
 -364
 -479
 -192
  152
  305
   31
 -293
   95
  754
  654
  -38
 -442
 -287
   34
  214
   28
 -679
-1193
 -578
  583
  778
  -31
 -265
  586
 1126
  643
  240
  447
  345
 -224
 -396
 -163
 -191
 -418
 -204
  517
  888
  340
 -292
  100
  888
  491
 -699
 -970
 -449
 -376
 -655
 -482
   42
  379
  433
  149
 -295
 -447
 -375
 -173
  188
  376
  160
 -120
   64
  431
  386
   57
 -262
 -323
   35
  193
 -494
-1359
-1230
  -36
  900
  550
  -52
  422
 1135
  950
  479
  372
  222
 -192
 -433
 -350
 -324
 -464
 -321
  352
  800
  387
 -134
  237
 1052
  853
 -279
 -711
 -327
 -430
 -987
 -770
  188
  688
  525
  271
   85
  -25
 -140
 -211
  129
  610
  479
  -49
  -47
  445
  579
  189
 -264
 -352
  124
  578
  -69
-1440
-1559
   46
 1218
  541
 -507
  -51
 1258
 1419
  401
  -95
  168
  118
 -275
 -473
 -566
 -582
 -134
  531
  677
  197
 -308
   74
 1062
  998
 -143
 -713
 -428
 -380
 -649
 -355
  314
  527
  422
  436
  386
   90
 -304
 -348
  306
  919
  511
 -282
 -196
  533
  760
  220
 -452
 -696
 -331
  171
 -154
-1223
-1465
 -296
  706
  348
 -381
  -47
  844
  848
  213
  123
  283
 -178
 -624
 -339
  -87
 -339
 -471
  -93
  462
  564
   13
 -358
  254
  777
    7
 -989
-1010
 -513
 -305
 -441
 -440
   13
  518
  406
 -176
 -566
 -489
 -109
  241
  281
   -2
  -91
  382
  761
  384
 -148
 -136
  -84
 -290
 -233
 -164
 -601
 -961
 -413
  689
 1025
  387
  -61
  252
  683
  578
  259
  -14
 -392
 -428
   -8
  -12
 -614
 -728
  166
 1033
  729
 -315
 -433
  803
 1339
  -29
-1323
 -882
   21
 -134
 -678
 -356
  523
  781
  236
 -361
 -465
 -211
   -6
  145
  326
  319
  165
  310
  772
  856
  354
 -157
 -489
 -616
 -274
   77
 -415
-1233
 -891
  400
  855
  151
 -202
  597
 1269
  636
 -129
   92
  257
 -330
 -699
 -400
 -279
 -566
 -506
   28
  406
  178
 -272
   25
  819
  597
 -471
 -840
 -497
 -396
 -526
 -245
  359
  703
  651
  301
 -195
 -551
 -626
 -332
  248
  485
  138
  -17
  558
 1025
  482
 -278
 -306
 -127
 -294
 -460
 -528
 -837
-1094
 -799
 -211
  115
  161
  243
  410
  449
  413
  599
  502
 -338
 -764
  -90
  388
 -213
 -815
 -177
 1076
 1192
  -63
 -657
  513
 1396
  288
-1190
-1033
   50
  269
 -339
 -556
   92
  891
  743
 -184
 -775
 -682
 -269
   80
   98
 -112
 -123
  335
  867
  851
  430
  105
 -102
 -348
 -327
   28
 -140
 -975
-1194
 -202
  869
  850
  252
  248
  678
  705
  487
  415
   37
 -616
 -618
   18
  217
 -292
 -521
  198
 1063
  730
 -488
 -705
  389
  893
  -85
-1156
-1072
 -397
 -107
 -184
 -196
  -14
  208
  264
   51
 -377
 -618
 -352
  114
  256
 -110
 -293
  356
 1038
  740
 -147
 -488
 -179
  -85
 -267
 -364
 -559
 -730
 -539
  -95
  299
  436
  488
  621
  416
 -118
  -55
  516
  312
 -608
 -898
 -309
   53
 -325
 -632
 -102
  710
  503
 -530
 -709
  368
  973
 -128
-1278
 -736
  299
  362
 -138
 -211
  318
  728
  490
 -190
 -708
 -531
  111
  465
  297
   57
  290
 1085
 1514
  706
 -283
 -207
  165
  -72
 -426
 -461
 -479
 -537
 -388
  -19
  291
  283
  213
  260
   66
 -235
    1
  532
  321
 -392
 -318
  461
  687
  -94
 -577
  340
 1333
  803
 -464
 -459
  928
 1387
  -86
-1408
 -922
  296
  605
   12
 -348
  153
  832
  585
 -405
 -955
 -586
  196
  534
  111
 -303
  103
  985
 1169
  202
 -660
 -409
  -36
 -331
 -578
 -426
 -408
 -703
 -714
  -33
  642
  537
  167
  158
  150
  100
  456
  725
  159
 -571
 -380
  280
  220
 -440
 -539
  290
  858
   59
-1054
 -596
  929
 1186
 -268
-1288
 -681
  217
  240
 -142
 -194
  137
  321
   31
 -476
 -785
 -591
 -118
  240
  432
  389
  381
  819
 1042
  278
 -679
 -717
 -292
 -280
 -387
 -181
  -17
 -206
 -391
 -189
  156
  391
  435
  192
 -143
 -150
  419
 1040
  642
 -594
 -894
  233
  904
    6
 -957
 -428
  748
  672
 -725
-1203
  281
 1457
  486
-1150
-1273
    3
  831
  237
 -646
 -464
  381
  545
 -235
 -899
 -683
   24
  401
  176
 -105
  235
 1155
 1612
  669
 -681
 -751
  -85
 -153
 -664
 -636
 -176
  -87
 -530
 -712
 -231
  302
  419
  302
   47
 -165
   84
  508
  384
 -408
 -896
 -213
  464
   -5
 -630
 -362
  461
  558
 -625
-1408
 -213
 1413
 1073
 -538
 -917
  251
 1078
  543
 -526
 -765
   27
  552
  -14
 -911
-1014
 -252
  309
   28
 -431
  -92
 1113
 1819
  717
 -985
-1071
   50
  298
 -586
-1037
 -377
  280
 -102
 -813
 -590
  271
  578
   72
 -549
 -564
  287
 1268
  971
 -456
-1029
   40
 1021
  328
 -884
 -610
  675
  899
 -415
-1312
 -147
 1629
 1369
 -678
-1604
 -238
 1151
  585
 -775
 -929
   96
  738
  129
 -787
 -751
   35
  474
  123
 -271
   49
  855
 1361
  872
 -307
 -667
  199
  612
 -138
 -835
 -620
   29
  -14
 -670
 -632
  165
  597
  288
 -226
 -316
  263
 1075
 1181
  217
 -698
 -246
  829
  732
 -524
-1157
 -167
 1072
  611
-1061
-1422
  337
 1642
  422
-1368
 -866
 1063
 1267
 -637
-1744
 -434
 1288
  974
 -725
-1384
 -450
  469
  192
 -634
 -509
  865
 1973
 1344
 -469
-1088
  329
 1381
  363
-1101
 -985
  102
  255
 -682
 -978
  203
 1230
  620
 -780
-1276
 -275
 1093
 1330
  338
 -540
  -72
  918
  630
 -729
-1307
 -391
  763
  669
 -484
 -934
  374
 1787
  890
-1350
-1580
  510
 1680
  296
-1537
-1277
  625
 1391
   78
-1126
 -583
  668
  889
   55
 -422
  280
 1496
 1653
  162
-1201
 -525
 1051
  874
 -839
-1521
 -458
  439
 -343
-1446
 -792
  870
 1189
  -40
 -815
 -102
 1105
 1349
  209
-1038
 -660
  900
 1286
  -73
-1072
 -278
 1049
  960
 -422
-1172
  -16
 1773
 1468
 -838
-1641
  279
 1861
  802
-1299
-1521
  259
 1190
  -96
-1540
-1182
  161
  663
   55
 -444
  114
 1245
 1563
  461
 -896
 -738
  550
  717
 -636
-1481
 -698
  352
  171
 -781
 -896
  295
 1123
  363
 -644
 -289
  864
 1302
  614
 -405
 -569
  390
 1065
  195
-1184
-1216
  -51
  640
  -41
-1137
 -897
  838
 1901
  484
-1555
-1067
 1163
 1641
 -527
-2275
 -987
 1375
 1335
 -807
-1875
 -620
  822
  457
 -699
 -552
  962
 1946
  994
 -788
 -939
  713
 1586
  169
-1696
-1268
  834
 1324
 -500
-1768
 -408
 1652
 1235
 -975
-1616
  177
 1893
 1463
 -298
-1181
 -166
 1346
 1237
 -442
-1533
 -860
  298
  459
 -393
-1143
 -397
 1374
 1617
 -255
-1439
 -192
 1394
  654
-1537
-1997
   -7
 1563
  657
 -983
-1041
   -4
  409
  -79
 -466
   35
 1046
 1207
  165
 -662
 -180
  877
  804
 -588
-1364
 -454
  665
  210
-1194
-1380
   13
  842
 -251
-1492
 -733
 1166
 1781
  440
 -978
 -527
  993
 1303
  -53
-1248
 -789
  257
  231
 -517
 -851
 -408
  537
 1064
  263
 -976
 -773
  539
  813
 -774
-2333
-1355
 1105
 1450
 -604
-1683
 -525
  472
 -147
-1164
 -974
  395
 1179
  424
 -616
 -372
  875
 1281
  -14
-1605
-1583
  -40
  741
 -514
-1807
 -970
  770
  738
 -875
-1388
   98
 1578
 1081
 -626
 -981
  523
 1615
  810
 -893
-1503
 -428
  469
  -69
 -838
 -808
 -140
  613
  732
  107
 -396
  -27
  606
  313
 -988
-1876
 -931
  825
 1081
 -241
-1048
 -319
  505
  271
 -306
 -218
  525
  850
  258
 -181
  357
 1103
  996
   30
 -873
 -671
  254
  268
 -831
-1446
 -678
  471
  464
 -618
 -917
  424
 1632
  957
 -544
 -612
  667
 1214
  262
 -946
-1030
 -149
  290
 -185
 -607
 -464
 -171
   90
  352
  323
   -9
 -144
    4
  -59
 -590
-1059
 -644
  246
  377
 -171
 -353
  -89
   -9
  -92
   23
  301
  484
  341
  108
  420
 1050
 1006
  262
 -446
 -684
 -223
  346
  -21
 -903
-1018
 -250
  291
 -207
 -963
 -580
  769
 1347
  402
 -512
   78
 1223
 1202
   94
 -695
 -398
  408
  439
 -430
 -680
   26
  349
   17
   40
  641
  878
  234
 -546
 -483
   93
   99
 -324
 -305
   92
  248
   61
 -199
 -352
 -145
  291
  287
  -59
  -95
  269
  861
 1168
  692
   54
  -41
    3
  -21
  140
   38
 -551
 -848
 -420
  188
  260
 -186
 -202
  619
 1202
  789
  213
  367
  694
  432
   11
 -141
 -130
   38
   53
 -230
 -221
  109
   76
 -139
  224
  795
  595
 -290
 -889
 -531
  267
  177
 -693
 -752
  165
  703
  317
 -473
 -815
 -214
  585
  407
 -440
 -562
  342
 1257
 1217
  262
 -357
   97
  518
    0
 -582
 -551
 -414
 -410
 -582
 -817
 -628
 -240
 -112
   61
  449
  645
  529
  313
  -42
 -338
  -87
  211
 -183
 -496
 -141
   48
 -118
 -192
 -272
 -159
  366
  711
  413
 -294
 -683
  -99
  705
  237
 -894
 -708
  530
  969
  268
 -571
 -718
  -61
  606
  319
 -392
 -177
  614
  922
  796
  554
  408
  433
  154
 -446
 -594
 -250
  -91
 -264
 -379
 -229
   -9
 -204
 -861
 -847
  307
 1276
 1131
  286
 -334
  -99
  635
  763
 -247
-1169
 -632
  307
  139
 -408
 -254
  432
  993
  835
  174
 -240
 -287
    0
  423
   53
-1096
-1292
  121
 1171
  495
 -755
-1149
 -352
  639
  447
 -437
 -382
  523
  872
  563
  475
  703
  730
   99
 -911
-1200
 -463
  -48
 -653
-1076
 -606
   63
  126
 -504
 -679
  523
 1703
 1302
  152
 -349
   12
  638
  595
 -433
-1234
 -724
   49
 -184
 -719
 -444
  302
  486
   71
 -152
  -29
 -172
 -620
 -597
 -320
 -710
-1100
 -465
  420
  417
 -250
 -661
 -325
  356
  425
 -205
 -481
  -15
  486
  797
 1125
 1067
  392
 -360
 -644
 -298
  101
 -302
 -970
 -764
   39
  339
 -260
 -900
 -381
  923
 1377
  538
 -326
 -179
  478
  650
   62
 -846
-1064
 -179
  546
   -1
 -724
 -220
  748
  810
  120
  -59
  665
  805
 -239
 -648
  128
  327
 -419
 -544
  369
 1030
  565
 -393
 -586
  133
  544
 -117
 -823
 -400
  515
 1032
 1199
  922
  277
 -188
 -345
 -367
 -235
 -290
 -817
-1072
 -677
 -312
 -353
 -705
 -795
  -39
  819
  837
  316
  -89
 -119
  278
  653
  153
 -898
 -929
  272
  844
 -122
 -872
   55
 1288
  926
 -247
 -175
  593
  107
 -893
 -505
  428
  -38
-1084
 -690
  666
  965
 -226
-1119
 -222
 1081
  716
 -640
-1059
 -175
  869
 1196
 1006
  657
  278
   82
  -33
 -293
 -548
 -577
 -506
 -644
 -785
 -449
   40
  -76
 -396
   85
 1095
 1506
  749
 -412
 -557
  526
 1390
  636
 -832
 -764
  713
  993
 -511
-1120
  336
 1492
  712
 -427
 -126
  649
  130
 -682
 -285
   13
 -930
-1461
 -156
 1341
  928
 -539
 -749
  435
 1032
  268
 -524
 -270
  520
  939
 1018
 1220
 1168
  480
 -132
 -210
 -178
 -296
 -376
 -453
 -592
 -248
  443
  275
 -740
-1075
 -121
  942
 1025
  205
 -706
 -532
  773
 1429
  234
-1353
 -965
  899
 1208
 -664
-1684
 -169
 1422
  666
 -839
 -410
 1004
  770
 -598
 -787
 -153
 -460
-1102
 -405
 1060
 1221
    1
 -716
 -207
  502
  286
 -532
 -846
 -485
  253
 1096
 1413
  783
 -236
 -351
  269
  -81
-1088
-1075
 -489
 -710
-1172
 -512
  445
  158
 -647
 -387
  791
 1415
  810
 -266
 -564
  446
 1316
  307
-1474
-1341
  713
 1464
 -206
-1220
  145
 1620
  966
 -573
 -470
  641
  442
 -651
 -681
  107
  -77
 -940
 -495
  967
 1267
   37
-1073
 -846
  214
  649
 -143
-1207
-1079
  342
 1668
 1756
  547
 -578
 -156
  778
  154
-1319
-1256
 -204
 -367
 -979
 -329
  598
  308
 -594
 -670
  356
 1380
 1239
    0
 -912
 -262
 1084
 1033
 -547
-1267
  116
 1460
  506
-1283
-1069
  648
 1139
 -226
-1223
 -316
  789
  280
 -554
 -467
 -461
 -788
 -468
  405
  806
  235
 -627
 -740
  -56
  455
  143
 -532
 -810
 -156
 1245
 1983
 1199
  -15
 -174
  398
  188
 -707
 -896
 -537
 -822
-1183
 -375
  517
 -119
-1110
 -622
  798
 1561
  980
 -484
-1394
 -528
 1177
 1377
 -315
-1350
  -35
 1452
  472
-1624
-1471
  724
 1398
 -371
-1562
 -317
 1166
  610
 -549
 -416
   74
 -230
 -408
  318
  854
  184
 -916
-1069
 -163
  591
  264
 -729
-1174
 -265
 1383
 2113
 1186
 -137
 -295
  328
  157
 -661
 -626
 -277
 -961
-1381
 -225
  816
  163
 -959
 -834
  383
 1406
 1356
  353
 -694
 -474
 1131
 1821
  202
-1387
 -443
 1452
  986
-1226
-1605
  304
 1425
  201
-1190
 -487
  961
  760
 -341
 -280
  274
 -260
 -907
 -155
  965
  440
-1171
-1593
 -395
  763
  403
 -912
-1345
 -242
 1286
 1752
  885
 -169
 -216
  467
  351
 -791
-1198
 -477
 -559
-1580
-1266
  404
  894
 -390
-1346
 -579
 1073
 1860
  845
 -966
-1327
  532
 2388
 1581
 -924
-1461
  628
 1713
 -166
-1980
 -812
 1401
 1246
 -947
-1736
   41
 1315
  319
 -680
 -161
  279
 -313
 -373
  623
 1011
   51
 -987
 -668
  524
  854
   66
 -808
 -812
  489
 1929
 1744
  276
 -380
  409
  965
   99
 -959
 -613
   85
 -600
-1315
 -136
 1374
  818
 -954
-1399
   89
 1702
 1429
 -491
-1621
 -473
 1616
 2171
  483
-1103
 -321
 1270
  919
 -890
-1414
  109
 1298
  328
-1092
 -357
 1485
 1432
  -78
 -329
  457
  205
 -561
 -160
  776
  492
 -849
-1241
   15
 1281
 1047
 -385
-1237
 -114
 1758
 1926
  233
 -901
   35
 1151
  349
-1181
-1256
 -110
   92
-1152
-1438
  335
 1558
  157
-1861
-1404
  979
 2182
 1061
 -735
-1080
  403
 1955
 1726
  -45
-1171
 -409
  701
  266
-1236
-1659
 -293
  800
  105
 -910
 -385
  881
  830
 -202
 -342
  151
 -110
 -635
 -214
  453
   -9
 -941
 -717
  621
 1303
  258
-1044
 -635
  985
 1674
  601
 -716
 -389
 1122
 1517
  139
-1068
 -603
  442
  102
-1339
-1444
  418
 1471
 -156
-1992
-1083
 1294
 2056
  725
 -745
 -659
  718
 1709
 1258
  -18
 -785
 -400
  333
  128
 -888
-1331
 -583
  378
  496
   59
  -11
  411
  622
  389
  281
  285
 -209
 -741
 -347
  343
  -43
 -976
 -702
  712
 1262
   82
-1124
 -497
 1126
 1400
   14
 -967
  -33
 1771
 1983
   -5
-1707
 -958
  696
  570
-1109
-1980
 -647
 1071
  206
-2127
-2071
  431
 1811
  787
 -643
 -659
  596
 1516
 1173
  236
 -551
 -733
 -113
  332
 -427
-1519
-1319
  178
 1405
  871
 -698
 -966
  270
  981
  341
 -634
-1106
 -927
 -368
 -117
 -446
 -702
  -63
  934
  721
 -693
-1359
 -273
  914
  352
-1124
-1222
  478
 2012
 1600
 -311
-1400
 -409
  879
  319
-1420
-2201
-1215
  499
  758
 -984
-1925
 -304
 1555
 1418
  264
 -261
   85
  798
 1208
  812
 -235
 -897
 -300
  597
  173
-1144
-1501
 -217
 1420
 1243
 -943
-2069
 -262
 1806
 1215
 -829
-1557
 -591
  516
  582
  -46
 -163
  566
 1097
  520
 -535
 -752
  113
  912
  434
 -796
 -947
  507
 2010
 2001
  719
 -543
 -665
  288
  702
 -282
-1672
-1945
 -323
 1602
 1102
-1311
-2025
   96
 2089
 1660
  -22
 -761
  -58
  920
  907
 -108
 -933
 -583
  479
  629
 -638
-1575
 -810
  765
 1349
   46
-1734
-1309
 1085
 1963
  200
-1356
 -735
  620
  657
 -340
 -648
  170
  816
  565
   11
 -374
 -354
   84
  303
  -94
 -635
 -571
  370
 1440
 1588
  727
 -367
 -684
   55
  667
 -133
-1620
-1775
 -125
 1542
  999
-1359
-2043
  342
 2583
 1740
 -734
-1231
  615
 1654
  551
 -712
 -576
  417
 1003
  316
 -886
 -781
  374
  691
  120
 -298
 -457
 -171
  687
 1190
  589
 -283
 -139
  542
  332
 -475
 -486
  233
  620
  323
 -204
 -451
 -276
  289
  746
  448
 -320
 -634
  118
 1339
 1571
  632
 -101
   41
  276
   94
 -315
 -851
 -876
  -27
  569
  217
 -339
 -301
  305
  645
  143
 -432
    7
  837
  623
 -237
 -244
  655
 1237
  704
 -550
-1007
   14
  670
 -424
-1500
 -773
  344
   56
 -706
 -323
 1068
 1664
  496
 -718
 -545
  -66
 -201
 -285
   20
   99
 -192
 -342
 -135
  354
  726
  323
 -688
-1199
 -535
  539
  733
  153
   25
  573
  715
   63
 -337
  -68
  -55
 -592
-1021
 -835
  -14
  494
 -245
-1194
 -701
  703
 1120
  268
 -490
 -190
  806
 1186
  528
  -56
   65
  218
    1
 -221
 -359
 -549
 -596
 -348
  -48
  -89
 -355
   52
 1116
 1198
   15
 -616
  -38
  531
  286
 -341
 -639
 -403
  172
  598
  348
 -176
 -142
  284
  333
 -194
 -690
 -464
  345
  850
  510
 -178
 -228
  405
  670
  264
 -287
 -613
 -404
   39
    8
 -479
 -779
 -507
  -55
   -5
 -251
 -191
  297
  744
  791
  433
   81
  104
  246
   45
 -397
 -572
 -340
  -65
 -155
 -448
 -298
  202
  236
 -176
 -131
  410
  317
 -515
 -733
  -79
  165
 -415
 -785
 -323
  411
  435
 -317
 -611
  -16
  341
 -221
 -913
 -748
   21
  450
  214
 -130
   48
  654
  979
  443
 -424
 -453
  133
 -161
-1256
-1247
   39
  573
 -266
-1155
-1107
 -210
  673
  563
 -311
 -513
  376
 1112
  819
  -46
 -415
   41
  394
    1
 -554
 -632
 -500
 -327
  247
  564
 -287
-1134
 -362
 1065
  882
 -776
-1277
  187
 1205
  328
 -840
 -467
  834
  970
 -314
-1180
 -743
  184
  437
 -297
-1025
 -773
   87
  514
  107
 -387
   97
 1089
 1112
  161
 -378
  -96
   23
 -271
 -248
  -25
  -95
  -43
  168
  -91
 -334
  217
  698
  302
   45
  686
 1147
  435
 -443
    5
 1075
  863
 -408
 -681
  370
  910
   -6
-1165
 -963
  263
  633
 -214
 -650
  -12
  534
  178
 -550
 -817
 -423
  151
  296
  -59
 -348
 -200
  108
  159
 -237
 -581
 -184
  337
   31
 -581
 -524
   18
  429
  762
  793
  334
  131
  345
  416
   42
 -778
-1128
 -331
  447
  169
 -641
-1110
 -550
  704
 1055
  -47
 -938
  -57
 1334
  879
 -628
 -474
 1090
 1460
   98
-1045
 -581
  574
  587
 -462
 -867
 -260
  230
  105
  161
  789
  897
  298
  241
  471
   63
 -188
  370
  722
  152
 -433
 -124
  402
  250
  -89
   90
  333
    1
 -397
 -209
  140
  166
  141
  230
  311
  399
  404
  298
   35
 -418
 -394
  313
  607
  -60
 -648
 -305
  463
  747
  144
 -583
 -360
  386
  588
  317
  234
  304
  297
  476
  781
  771
  427
  184
  292
  266
 -346
-1018
 -763
  178
  425
 -123
 -308
  294
  790
  318
 -312
  -30
  448
   29
 -652
 -384
  297
  186
 -312
 -304
   59
  340
  284
  -50
 -272
 -216
  -44
   77
  222
  323
  202
   13
  -18
  307
  771
  558
 -478
-1100
 -373
  667
  478
 -784
-1465
 -469
  889
  514
-1018
-1585
 -844
  130
  436
  -96
 -626
 -222
  827
 1419
  980
   13
 -472
  -64
  469
  -72
-1228
-1089
  319
 1032
  358
 -539
 -333
  606
  742
  100
 -166
  -91
 -202
 -142
  241
  197
 -257
 -179
  299
  263
 -259
 -500
  -90
  368
  196
 -263
 -312
  190
  687
  425
 -612
-1230
 -289
 1216
 1214
 -462
-1791
 -920
 1157
 1331
 -730
-1856
 -565
 1331
 1498
 -473
-2077
-1169
  617
  895
  -62
 -746
 -456
  377
  862
  740
  446
  216
  167
  469
  539
 -256
-1226
-1138
 -170
  180
 -586
-1157
 -246
 1123
  968
 -250
 -759
 -351
   51
  149
   50
 -403
 -670
 -106
  484
  113
 -426
  -13
  667
  477
 -449
-1021
 -381
  812
 1004
 -108
-1172
 -745
  734
 1277
  218
-1042
-1023
  301
 1386
  626
-1365
-1889
  -57
 1512
  900
 -888
-2112
-1517
  269
  816
 -406
-1231
 -223
 1292
 1388
  469
   21
  239
  533
  291
 -555
-1096
-1045
 -849
 -353
   92
 -333
 -843
  -33
 1307
 1131
 -345
 -832
  307
 1011
   90
 -913
 -651
  337
  742
   76
 -589
 -355
  310
  460
 -289
-1125
 -934
  164
  939
  455
 -600
 -675
  295
  891
  295
 -593
 -533
  227
  792
  933
  440
 -547
 -706
  390
 1103
  312
 -785
 -731
 -154
 -344
 -911
 -775
 -150
  221
  512
  957
  891
  311
  411
 1144
  898
 -487
-1141
 -394
   23
 -899
-1560
 -653
  564
  546
 -179
  -94
  776
  882
   44
 -318
 -102
 -269
 -670
 -590
 -144
  -36
 -268
 -136
  284
  276
  -59
 -111
   28
  -19
  -98
 -127
 -206
    5
  506
  483
 -379
-1043
 -430
  830
 1026
 -223
-1091
 -197
  929
  511
 -593
 -948
 -472
  265
  585
   72
 -834
-1157
 -510
  235
   42
 -491
  -44
  983
 1103
  368
  208
  860
 1146
  421
 -608
 -829
 -339
 -184
 -472
 -298
  292
  287
  -34
  323
  893
  730
   92
 -237
  -60
   79
 -374
 -794
 -250
  626
  706
   54
 -406
   33
  791
  638
 -466
-1074
 -216
  832
  447
 -636
 -597
  534
 1197
  538
 -637
 -840
    2
  453
 -111
 -391
  571
 1480
  904
 -279
 -213
  854
 1028
  -20
 -905
 -786
  -36
  346
 -425
-1380
 -667
  868
  988
  224
  270
  798
  703
  193
   40
   17
 -393
 -702
 -264
  338
   71
 -618
 -541
  129
  373
  -22
 -275
  143
  620
  397
 -169
 -308
  -63
  180
  418
  471
  100
 -167
   29
  142
  -95
 -383
 -436
 -141
 -109
 -663
 -807
  -63
  653
  457
 -296
 -539
 -110
  186
   21
 -343
 -847
 -815
  388
 1257
  423
 -637
 -204
  730
  517
 -288
 -592
 -549
 -449
 -137
  379
  456
 -441
-1070
   47
 1313
  694
 -474
 -269
  687
  961
  516
   63
  -62
   -3
  -15
  -49
 -129
 -492
 -659
    6
  582
 -130
 -993
 -273
 1206
 1324
 -212
-1290
 -357
  825
  223
 -749
 -440
  323
  583
  189
 -587
 -826
   27
  930
  467
 -771
 -984
   53
  881
  608
  -82
 -236
  179
  469
  217
 -249
 -549
 -478
   70
  504
   98
 -658
 -708
   61
  743
  640
  102
 -247
 -228
  -57
  -82
 -229
 -272
 -223
  -40
  213
    0
 -809
 -919
   90
  501
 -190
 -498
  139
  579
  123
 -152
  511
  963
  336
 -408
 -237
  205
 -204
 -792
 -390
  246
   72
 -517
 -583
  116
  605
   70
 -687
 -425
  415
  402
 -420
 -820
 -355
  186
  -25
 -706
-1006
 -514
  293
  410
 -320
 -925
 -537
  520
  865
   18
 -714
 -331
  509
  725
  219
 -430
 -727
 -386
  237
  314
 -350
 -924
 -654
   24
  341
  290
  122
   20
  221
  545
  435
  -88
 -299
   90
  346
 -178
 -696
 -177
  468
   28
 -691
 -620
  -27
  274
   70
  -28
  218
  511
  763
  801
  377
 -309
 -401
  318
  545
 -295
 -889
 -229
  591
  180
 -767
 -747
  514
 1533
  873
 -314
 -161
  635
  484
 -147
 -192
  102
   80
 -336
 -552
 -106
  343
   -1
 -541
 -502
  -44
  430
  276
 -365
 -339
  283
  425
  -90
 -421
  -88
  217
 -172
 -718
 -504
  205
  259
 -515
-1010
 -405
  596
  657
 -200
 -718
 -246
  666
 1052
  464
 -410
 -493
  222
  591
  -49
 -756
 -522
  223
  492
  -91
 -864
 -851
 -156
  170
 -160
 -311
   -8
  296
  372
  294
  210
  141
   44
  -87
  -50
   82
 -238
 -772
 -473
  450
  461
 -502
 -802
  202
 1201
  681
 -547
 -358
  791
  769
 -334
 -866
 -230
  673
  626
 -267
 -604
  117
  740
  443
 -277
 -441
  356
 1176
  928
   70
 -318
    6
  480
  436
 -121
 -490
 -386
 -277
 -202
  161
  471
  195
 -227
    1
  495
  519
  180
 -104
  -56
  287
  538
  466
  209
   19
  255
  777
  683
   28
 -118
  250
  313
 -219
-1013
-1166
 -231
  660
  463
  -48
  160
  638
  582
  305
  278
  163
 -174
 -352
 -133
  137
 -174
 -698
 -376
  397
  251
 -428
 -262
  578
  875
  167
 -489
   -7
  645
  148
 -713
 -612
  269
  764
  227
 -695
 -760
  121
  618
  160
 -535
 -736
 -155
  691
  836
  252
 -216
 -217
  -62
 -186
 -482
 -389
 -144
 -311
 -369
  192
  566
  108
 -328
   21
  559
  585
  207
  -84
 -118
    5
  232
  144
 -188
   69
  668
  706
  222
  -94
  150
  255
 -566
-1370
 -966
 -146
  -11
  -50
  337
  695
  655
  539
  624
  589
  123
 -384
 -298
   81
 -192
 -847
 -773
  -39
  288
 -163
 -472
   90
  700
  340
 -385
 -453
 -211
  -51
  420
  666
  -55
 -686
  -35
  978
  707
 -573
-1095
 -310
  499
  333
 -280
 -427
  123
  840
  828
   83
 -230
  255
  521
 -137
-1095
-1029
  112
  738
    0
 -990
 -651
  588
  800
  -83
 -533
 -155
  361
  426
   80
 -314
 -650
 -620
  -29
  274
 -172
 -451
   67
  555
 -107
-1019
 -617
  304
  428
   88
  -63
  -60
  -56
  244
  802
  687
 -324
 -870
 -137
  562
   26
 -854
 -792
   43
  410
 -243
 -887
 -433
  465
  423
 -343
 -551
 -106
   90
 -143
 -187
   89
  278
  250
   96
   50
  179
  182
   36
 -112
 -229
 -206
  -28
  211
  477
  581
  207
 -282
  -49
  520
  308
 -587
-1203
 -829
  218
  621
  -44
 -652
 -329
  508
  885
  325
 -596
 -705
  175
  737
  169
 -584
 -388
  624
 1371
  823
 -434
 -499
  614
  877
 -147
 -926
 -516
  247
  118
 -529
 -529
   50
  401
  384
  285
  164
  153
  514
  889
  488
 -431
 -704
 -150
  357
   51
 -701
 -567
  396
  633
 -160
 -772
 -477
  231
  427
  -76
 -554
 -525
 -214
  130
  334
  -54
 -734
 -558
  270
  471
 -155
 -667
 -311
  372
  352
 -223
 -398
  169
  738
  459
 -337
 -621
  -55
  604
  441
 -343
 -590
  193
  965
  587
 -608
-1179
 -364
  684
  590
 -307
 -782
 -436
  113
  293
   53
 -158
   71
  530
  760
  513
  -74
 -322
  165
  464
 -127
 -742
 -600
  -77
  121
 -248
 -553
 -214
  298
  594
  700
  398
  -57
  124
  978
 1246
  230
 -752
 -520
  237
  269
 -582
-1113
 -260
  947
  729
 -354
 -402
  598
 1018
  315
 -499
 -579
  -44
  313
   59
 -317
 -335
   86
  640
  632
  -12
 -509
 -335
  219
  564
  400
 -147
 -322
  338
  884
  484
 -208
 -228
  347
  682
  232
 -595
 -620
  374
  977
  219
-1030
-1068
  241
  985
  134
-1007
-1046
 -196
  465
  274
 -358
 -436
  370
 1288
 1133
 -189
 -904
   81
  971
  116
-1070
 -763
  292
  352
 -514
 -859
 -219
  473
  603
  368
  -25
 -234
  103
  688
  611
 -322
 -973
 -635
   96
  117
 -903
-1364
 -206
  858
  443
 -369
 -280
  309
  442
  196
  -16
 -226
 -287
   10
  340
  219
 -194
 -118
  478
  534
 -164
 -609
 -314
  269
  511
  166
 -328
 -214
  514
  841
  171
 -558
 -337
  313
  422
 -128
 -624
 -344
  386
  488
 -344
 -936
 -358
  516
  619
   24
 -662
 -717
 -160
  191
   71
 -279
 -425
  113
  868
  768
 -188
 -594
  121
  632
  140
 -498
 -463
  -71
   30
 -262
 -488
 -334
  -30
  352
  535
   13
 -498
   21
 1029
 1125
  106
 -705
 -432
  261
  191
 -728
-1054
    6
  974
  407
 -716
 -725
  132
  565
  136
 -555
 -678
 -285
   40
  123
  -98
 -408
 -228
  288
  341
 -105
 -405
 -219
  252
  465
  137
 -376
 -381
  305
  756
  113
 -835
 -643
  275
  384
 -362
 -886
 -505
  493
 1017
  354
 -664
 -505
  602
  868
 -213
-1269
-1041
    6
  490
   13
 -584
 -333
  747
 1330
  384
 -833
 -495
  664
  722
 -299
 -780
 -208
  179
 -246
 -627
 -466
 -106
  355
  788
  625
   12
 -193
  257
  699
  457
 -214
 -563
 -343
  121
  265
 -123
 -459
 -181
  316
  296
 -217
 -552
 -250
  349
  380
 -333
 -717
   37
  999
  814
 -179
 -486
  233
  796
  339
 -488
 -524
  223
  762
  550
   17
 -226
   -2
  373
  124
 -632
 -653
   81
  403
   48
 -286
 -131
  301
  540
  282
 -208
 -365
  -87
  289
  210
 -423
 -867
 -533
  245
  564
   38
 -560
 -231
  742
  976
   59
 -745
 -600
 -169
 -114
 -331
 -570
 -686
 -411
  248
  464
 -153
 -373
  484
  950
  123
 -667
 -194
  756
  743
  -55
 -533
 -374
   28
  128
 -280
 -693
 -505
  -38
   55
 -118
 -209
 -116
  192
  423
  284
  -28
 -247
 -146
  237
  280
 -197
 -427
   45
  593
  506
  -79
 -366
  114
  675
  481
 -251
 -617
 -185
  328
  198
 -217
 -188
  339
  690
  485
   93
  -38
  177
  377
  149
 -204
  -87
  258
  149
 -351
 -595
 -306
  191
  404
  223
   33
  192
  558
  618
  222
  -35
  185
  242
 -159
 -310
   -9
   29
 -359
 -363
  258
  579
  214
   19
  361
  603
  488
  401
  520
  479
  177
  -25
 -151
 -366
 -475
 -237
  128
   35
 -348
 -102
  670
  677
 -225
 -623
  -22
  326
 -364
 -946
 -301
  624
  455
 -237
 -148
  477
  550
  -82
 -621
 -396
  179
  273
  -20
 -162
   48
  340
  248
  -88
 -117
  196
  270
 -236
 -637
 -299
  119
  -75
 -517
 -464
  154
  496
  111
 -338
 -267
   -1
   55
  -55
 -285
 -472
 -394
 -165
   28
  207
  434
  536
  333
  143
  176
   95
 -163
 -257
  -27
  202
  124
   11
   24
  -26
 -155
 -196
  -72
  105
  248
  332
  223
   40
  266
  719
  582
  -85
 -380
   56
  514
  171
 -626
 -709
   -8
  142
 -488
 -557
  286
  815
  305
 -300
 -187
   14
 -168
 -300
 -106
   38
  -80
  -58
  178
  233
  -16
 -252
 -237
 -139
 -111
 -118
 -123
  -73
   40
  177
  247
   52
 -157
  133
  390
 -111
 -570
 -143
  402
   97
 -652
 -667
  219
  867
  498
 -262
 -482
 -222
   44
  -13
 -358
 -441
  -81
  321
  348
  -32
 -290
   -4
  425
  212
 -512
 -683
 -199
  -49
 -419
 -573
 -161
  291
  225
   23
  124
   86
 -137
   44
  402
  225
 -365
 -556
 -103
  220
 -164
 -752
 -561
  403
  719
 -136
 -709
 -220
  257
  -76
 -666
 -812
 -552
 -253
  -56
   62
   80
   76
  228
  308
    0
 -400
 -392
   51
  368
  172
 -164
 -144
  327
  667
  253
 -295
 -157
  297
  392
   46
 -369
 -426
  -70
  235
   24
 -508
 -606
    6
  529
  135
 -619
 -657
 -174
  143
  112
 -134
 -139
  271
  747
  851
  425
  102
  353
  489
  125
 -180
 -158
  -31
  161
  261
 -108
 -725
 -860
  -95
  628
  157
 -545
 -292
  349
  658
  509
   49
 -229
  -84
  154
  114
 -271
 -568
 -246
  367
  311
 -526
 -866
   35
  902
  427
 -684
 -820
  121
  455
 -423
 -933
 -257
  429
  328
  -41
 -211
 -110
  185
  326
  142
 -226
 -498
 -242
  329
  344
 -102
 -140
  207
  375
  254
  -37
 -384
 -434
   69
  512
  193
 -510
 -690
 -120
  404
  203
 -206
  -29
  445
  473
  126
 -102
  -38
  243
  410
  210
  -99
  -73
  379
  617
  139
 -282
   94
  510
  150
 -365
 -250
   -4
 -287
 -509
  -62
  388
  274
   57
  153
  477
  705
  554
  152
 -130
  -33
  265
  252
 -215
 -583
 -235
  388
  270
 -510
 -721
  170
  770
    1
 -729
   -4
  995
  629
 -346
 -316
  432
  549
  -24
 -269
   38
  303
  241
   32
  -92
  -80
    9
   66
   51
  125
  328
  425
  260
   88
  187
  269
 -103
 -662
 -472
  368
  455
 -368
 -749
 -189
  353
   43
 -576
 -563
 -114
   67
  -91
 -230
 -162
  -79
 -118
  -83
   68
  284
  544
  644
  525
  248
   43
  218
  390
   72
 -243
 -101
  -87
 -473
 -629
 -273
   30
 -216
 -436
   65
  577
  237
 -252
   17
  587
  515
 -205
 -597
 -164
  368
  176
 -479
 -659
 -139
  299
  115
 -212
 -173
   -6
   91
  173
  122
  -15
   80
  426
  572
  259
  -51
  146
  450
  278
 -130
 -229
  151
  536
  458
  272
  401
  646
  681
  334
 -108
  -51
  182
   64
 -132
 -197
  -85
  151
  310
  207
 -205
 -478
 -234
  154
  216
   -1
 -290
 -416
 -118
  293
  128
 -375
 -328
  305
  714
  404
  -36
  159
  492
  159
 -404
 -407
 -163
 -185
 -121
   35
 -231
 -568
 -326
   90
  -12
 -165
  347
  833
  454
  -95
   35
  435
  280
 -241
 -308
  -31
  -72
 -493
 -744
 -412
  -70
 -335
 -542
  -28
  548
  287
 -375
 -284
  242
  113
 -343
 -308
   15
  134
   94
  -66
 -311
 -255
  174
  460
   93
 -532
 -421
  213
  300
 -148
 -296
   -6
  143
   -1
  -74
 -118
 -356
 -432
 -192
 -121
 -240
 -233
 -173
 -190
 -166
   11
  182
  141
 -169
 -433
 -183
  170
  -27
 -404
 -350
   39
  252
  182
  160
